6261.03
1000000000
1
5189.65
1000000000
2
4630.39
1000000000
4
4436.4
1000000000
8
4562.31
1000000000
16
4431.32
1000000000
32
4374.22
1000000000
64
4336.25
1000000000
128
4355.77
1000000000
256
4332.66
1000000000
512
4409.86
1000000000
1024
6204.27
1000000000
1
5048.92
1000000000
2
4544.51
1000000000
4
4355.56
1000000000
8
4349.17
1000000000
16
4352.89
1000000000
32
4324.42
1000000000
64
4320.32
1000000000
128
4334.93
1000000000
256
4351.62
1000000000
512
4298.73
1000000000
1024
6158.4
1000000000
1
5056.26
1000000000
2
4577.13
1000000000
4
4344.94
1000000000
8
4378.05
1000000000
16
4319.22
1000000000
32
4317
1000000000
64
4348.63
1000000000
128
4316.1
1000000000
256
4327.41
1000000000
512
4356.45
1000000000
1024
6139.92
1000000000
1
5037.25
1000000000
2
4520.62
1000000000
4
4361.16
1000000000
8
4339.41
1000000000
16
4329.27
1000000000
32
4327.28
1000000000
64
4351.11
1000000000
128
4315.01
1000000000
256
4365.1
1000000000
512
4385.64
1000000000
1024
6138.08
1000000000
1
5051.68
1000000000
2
4538.83
1000000000
4
4343.81
1000000000
8
4351.47
1000000000
16
4330.36
1000000000
32
4330.16
1000000000
64
4343.94
1000000000
128
4348.86
1000000000
256
4347.75
1000000000
512
4376.73
1000000000
1024
